1000
1784.28
74326.26
49839.63
92068.51
34313.64
30701.06
96709.96
50539.89
51999.39
70215.49
39179.41
52039.3
30658.29
99019.53
13224.18
81371.98
2835.6
62106.29
84379.19
5496.88
50591.41
8668.55
64470.2
75968.2
39919.61
45674.55
1596.57
22391.24
19493.03
69641.01
35989.24
5643.56
33319.04
56466.96
29891.48
22063.06
29819.24
42240
3872
98803.85
62052.34
33366.76
4078.07
58103.77
84698.5
56048.93
32375.99
29037.58
38985.72
21246.96
78072.21
20402.97
21974.55
10586.18
21090.17
55741.66
91539.02
29700.81
54615.7
10394.39
40394.37
45500.03
67309.81
66320.86
27688.41
87117.57
69267.72
58359.19
20459.44
16675.21
37451
80002
54007.25
85985.05
36901.91
6373.26
15009.23
37040.43
72196.18
79447.84
23324.66
47032.74
35239.87
11130.11
28579.78
19658.52
75064.22
29929.89
93608.62
49511.38
85320.2
11549.29
20267.8
71268.69
96.4
62166.39
93720.84
88783.98
39472.78
50936.45
78532.36
75404.38
33015.97
2994.06
41538.49
35899.41
88080.6
29359.02
16310.97
40064.41
12278.53
42861.01
79156.92
90616.7
95374.75
64550.48
24691.52
87059.23
75940.96
27817.68
73559.87
8501.19
70270.55
60569.34
28602.18
60343.75
33308.26
39990.97
56062.3
27647.06
54101.06
18489.88
40883.65
74172.61
46056.65
9467.9
77554.32
30533.07
96449.75
99700.61
20958.47
67960.74
44090.94
62320.65
4614.81
61402.92
59636.27
94030.37
36846.98
7741.09
81655.75
59965.54
4534.3
2401.84
50818.91
18354.85
38523.56
62821.69
92593.75
14276.54
65455.59
46224.58
16188.53
57478.86
31512.59
65843.62
31523.96
23193.16
84721.5
38503.6
37228.55
53270.11
54016.85
33169.78
45571.21
85238.19
4207.07
28368.55
89870.14
69007.1
3556.63
20703.18
47642.9
37626.65
84199.29
68793.53
28762.09
45411.39
86316.63
7748.85
25935.97
79406.61
34015.99
78443.65
60150.07
3310.36
62415.69
33449.76
21492.17
82066.04
22183.86
3775.78
83101.74
34106.98
7372.43
47204.46
52291.14
60877.94
74612
23200.28
35057.2
15065.73
83837
2790.9
18155.37
6416.74
28460.22
91047.95
12766.46
46220.62
57125.67
75339.35
46752.45
37701.45
73976.92
19113.64
75930.7
51802.65
78702.31
62053.25
40333.45
79388.94
82146.09
41588.42
53717.93
67126.57
32465.88
48563.6
30754.6
7077.58
53912.49
74035.33
7364.96
23762.5
36206.71
39529.79
79836.4
21138.79
73364.18
22615.72
4092.43
20734.81
32122.16
32337.77
31721.65
67032.31
58004.75
45728.75
2879.07
59562.43
7016.79
68497.66
24094.25
2589.91
99763.91
21099.21
57913.28
16551.28
29996.71
31424.71
23925.07
52173.85
89064.27
61506.1
8580.81
43342.05
65456.32
69736.69
31632.86
55094.43
30435.71
8928.11
95510.74
86135.91
62792.45
66849.87
74520.45
8672.1
97636.94
53612.08
46405.15
26180.11
56309.48
57208.36
1902.68
75312.62
48716.27
17597.04
13429.64
65236.22
12261.45
90813.19
26432.88
58492.44
15639.28
84910.63
70457.89
58311.99
12849.59
30385.91
25010.59
70431.91
28000.8
2572.45
34471.89
45398.71
22855.95
63033.73
11980.44
37600.03
21963.34
52506.11
90133.77
63686.12
51307.64
71897.03
5468.37
9576.15
41513.65
84713.98
64596.51
14503.81
55887.49
45378.27
94518.04
72493.49
95402.05
79134.96
10490.78
47766.48
76235.76
68033.45
26765.27
98442.17
74155.25
78383.63
71078.73
96060.55
83507.33
80770
41226.85
74379.77
99483.58
14272.28
68682.95
41762.54
74335.04
86899.84
35034.61
49605.44
46744.57
73632.16
8487.43
21363.05
94965.97
59363.99
61273.83
99018.01
28558.98
44086.08
33741.95
16618.05
12222.82
49398.11
8478.21
49699.78
74095.36
90839.14
82353.85
94306.46
8331.43
90541.2
10622.8
40313.46
9613.97
20501.26
39597.27
61090.23
26526.6
39425.22
87796.01
82079.9
45174.56
46315.97
496.24
36052.91
9717.33
48880.5
3917.31
27911.58
47947.39
88458.92
92175.55
50245.7
11760.97
37437.3
85444.21
86119.33
396.91
24710.69
47801.32
57710.2
77381.8
87001.26
37521.58
25480.56
59322.16
96972.9
68320.98
69973.71
70010.75
83275.93
66445.76
70221.3
83075.07
11910.32
8166.99
96735.48
15018.12
58426.9
99769.38
79642.58
53470.76
7303.61
86341.87
94858.6
97486.24
11500.81
35751.9
98763.45
59701.77
59738.41
91465.02
9361.36
63239.53
54799.37
33438.16
50341.78
64924.8
39498.37
74388.3
65371.6
77904.32
27952.32
56670.21
76693.05
49887.42
96828.23
73959.11
14966.62
15288
48087.58
23774.3
89660.19
66087.79
94028.57
54730.3
26886.11
20653.96
39249.44
15044.33
24934.85
17814.09
82918.64
75320.59
74183.85
18728.13
8897.5
26218.34
57371.26
35311.25
68769.87
13925.12
70214.57
52924.63
954.33
68203.3
818.44
44834.72
35119.45
38640.84
14697.27
38087.59
64743.01
92953.88
30031.92
11114.36
36290.4
36960.2
61076.8
97542.97
58208.21
60510.51
25160.73
90109.45
25063.72
99414.69
56514.29
90395.43
1926.25
3433.28
72621.89
69694.04
25936.52
17619.44
31655.51
91301.66
88998.11
66954.98
80818.97
86430
38821.15
39384.63
26425.93
37132.13
39476.64
46515
24009.45
44249.25
12195.9
53212.88
93766.52
77833.74
60590.63
31424.45
8518.23
95547.58
19246.79
48496.62
42178.7
5866.17
29884.74
97138.86
13534.35
27393.31
20716.59
77194.36
73306.41
85984.38
34574.13
89470.87
46396.49
32215.47
25606.51
50020.09
53196.66
82725.51
34466.63
45062.58
2519.72
25757.22
84886.83
39137.73
45519
2437.65
32666.45
33963.77
50566.63
29178.48
88516.56
20047.54
42952.37
13823.4
67900.55
89098.32
46495.22
488.8
87506.55
66869.03
95633.07
56701.56
47493.54
55450.37
97466.23
67677.76
84274.27
21558.7
24405.18
58401.89
3773.16
95042.04
17157.78
39147.85
9540.71
13525.15
7433.34
87249.69
3031.76
31738.95
37277.74
65647.3
83219.41
23466.66
63477.59
5811.36
97991.24
67043.94
42980.23
85379.97
65724.53
57156.37
14.19
59037.41
23307.98
36055.55
75004.2
48732.72
602.55
36568.4
18170.76
20139.56
52575.23
27024.6
44949.64
80976.87
71849.23
25672.9
82862.54
84997.14
31214.95
29734.48
62251.37
96812.67
59022.57
74956.12
24980.69
1554.03
83076.71
11957.85
54006.99
92061.29
76515.62
4491.93
55812.26
53194.68
75877.41
10310.86
25171.63
49970.32
60642.61
65095.65
54877.32
65243.13
37778.25
6678.62
12055.61
23696.34
55010.97
77987.08
4819.77
12916.07
39723.39
96077.67
10171.78
39466.84
35757.98
97841.6
86076.81
38309.54
69636.03
62901.59
57897.46
64938.83
55345.66
18598.83
52319.61
67966.96
31356.19
216.24
87160.77
32676.53
39421.98
10309.11
21181.02
53263.5
14757.75
74183.45
85903.63
45074.33
58958.17
16238.33
48418.71
54087.59
15464.42
77851.93
9217.19
46169.9
68831.04
3982.95
18073.4
55403.85
23985.62
73795.38
93954.72
42962.39
83488.49
62980.96
89512.14
968.19
84607.26
5885.39
30794.28
42246.68
73598.72
29517.91
74018.84
76192.41
91797.36
6203.49
24364.42
48893.42
12803.14
39402.98
61990.8
93359.97
50832.91
10570.03
34060.68
54327.91
62165.3
5272.88
6983.45
36760.48
29863.29
88624.65
88827.68
64026.77
3139.97
69627.16
6298.72
22257.12
22506.96
934.69
43128.39
42189.49
35152.95
87814.58
61770.53
69207.54
52415.85
29970.06
5392.86
95060.74
14857.06
7453.03
73276.1
30460.06
14897.62
82106.83
8783.99
59934.99
99599.83
18218.89
20701.34
10512.94
10673.88
66777.3
60345.35
20820.1
9304.58
61189.1
81974.19
32057.77
41918.98
40540.84
42190.7
46112.13
16792.7
22516.67
60037.97
60715.97
38688.73
52791.95
39382.01
93072.33
41569.64
77835.02
41322.58
64606.28
33940.75
5238.89
64024.57
51865.21
91422.06
43881.58
16996.49
5555.83
49863.4
92440.17
95331.84
60098.49
19990.85
25245.11
53764.82
2343.52
36533.77
38384.29
87086.84
95401.04
93497.54
57457.97
22974.86
37062.12
26894.3
32950.93
9585.13
49619.85
24578.95
39132.33
72319.83
930.05
40390.16
51090.77
6510.04
51692.14
25324.98
11242.48
85283.59
99326.72
67666.19
26728.28
83485.06
85252.62
81811.28
34546.36
62423.83
12258.14
29819.07
64506.45
36710.84
77858.33
14423.14
42893.83
86898.16
45625.67
97985.31
59658.81
59453.58
8685.22
68520.85
52617.72
92601.5
72565.01
44424.44
53851.63
25801.97
66867.18
75774.21
83978.96
39286.8
60013.02
13187.28
5944.33
13244.96
94898.93
21862.14
20494.24
22999
37809.8
44558.01
54749.01
41455.38
345.32
8976.74
2520.91
74106.97
69182.77
28697.82
60603.45
47125.88
59923.99
48711.26
99116.1
69236.89
59213.25
21707.16
13173.36
27984.57
16806.69
36767.68
72337.82
77307.12
28556.5
12550.08
32489.01
87706.08
25773.53
19525.42
76616.72
19339.49
49002.18
42632.9
41593.97
50977.81
16315.04
12266.88
1202.54
45197.18
57648.83
9809.2
55236.79
9194.99
13898.33
98203.34
78095.62
59597.03
71834.24
39507.16
47045.86
17048.08
19031.84
21575.67
22294.87
36119.02
78606
82101.5
17279.74
15390.58
76241.08
19179.37
54702.54
11424.43
67747.15
37392.75
94082.59
60486.1
46711.84
31453.26
35408.62
79201.36
63078.2
41085.23
6471.38
62954.97
83868.9
98500.2
42817.03
74210.79
14207.6
35803.26
64065.11
99491.12
8265.73
59672.97
72481.06
44867.81
27059.3
22574.34
33248.63
55524.07
66852.95
26253.43
72225.05
57331.29
28141.23
54419.94
50134.7
79448.22
24739.24
27008.5
31238.45
43173.58
96356.99
26466.02
58498.34
10741.29
79488.91
19467.83
47143.28
16149.71
91673.24
62135.82
86739.83
8859.13
91992.46
56746.63
22720.74
81638.85
74386.76
39346.8
51059.68
21726.23
10998.88
5630.19
6485.92
22814.16
50329.02
55415.88
54040.64
54937.84
